256
41
27 28 8 16 35 18 30 10 37 21 12 39 17 24 20 13 11 25 23 22 5 31 1 6 4 7 32 26 34 29 40 2 14 33 19 38 9 15 36 3 41
7
4 1 6 2 7 5 3
50
50 36 6 23 10 3 43 48 29 31 25 39 11 15 21 1 5 18 2 22 26 28 7 44 27 8 38 19 17 35 14 37 46 30 47 16 40 12 32 34 4 49 42 13 20 33 41 9 24 45
30
3 5 9 30 15 28 20 6 10 11 14 2 22 16 18 19 24 4 21 25 7 17 1 29 23 27 12 8 13 26
24
8 14 18 21 22 12 19 2 4 17 13 23 5 16 6 20 11 7 15 1 24 10 9 3
28
8 4 7 23 14 1 6 13 22 19 28 26 10 27 12 5 24 11 17 21 20 9 18 15 3 2 25 16
34
15 20 29 5 1 12 19 8 4 10 23 31 26 33 32 18 25 14 34 6 24 30 27 16 21 22 28 11 9 17 2 3 7 13
36
18 15 21 12 25 2 6 32 19 8 30 28 5 7 22 31 10 13 3 29 20 34 33 4 23 9 17 26 27 24 1 16 14 36 35 11
4
2 1 4 3
3
2 3 1
42
31 26 42 21 7 11 36 5 22 19 2 39 10 37 40 17 30 18 15 35 13 25 3 33 6 12 23 24 4 32 38 29 41 1 16 27 20 28 34 9 8 14
10
10 9 4 2 1 7 5 8 6 3
8
2 7 6 3 4 1 5 8
15
13 15 10 5 7 14 9 2 8 4 3 11 12 6 1
37
37 35 32 22 25 2 14 5 31 12 21 16 34 11 24 6 7 20 29 15 13 4 26 23 19 3 8 1 17 36 9 18 28 10 30 33 27
9
9 2 1 6 8 3 5 7 4
21
16 15 13 19 21 8 6 18 4 14 9 17 12 11 20 7 10 5 1 3 2
19
5 19 11 8 18 7 10 12 15 3 14 4 9 13 2 6 16 17 1
12
7 8 4 1 10 2 9 6 12 5 11 3
23
5 9 22 4 19 23 15 6 20 1 2 3 16 8 18 11 13 14 10 17 21 7 12
3
1 3 2
18
10 1 12 9 14 7 8 5 6 11 18 17 2 16 13 15 3 4
25
24 14 19 8 6 20 13 11 2 25 4 10 1 23 18 16 12 22 17 3 5 15 7 9 21
32
14 12 15 26 1 21 16 8 9 30 24 23 10 7 18 27 32 6 13 11 17 29 31 4 22 2 19 25 3 5 28 20
33
26 33 3 18 30 13 32 12 27 14 8 11 17 1 31 4 6 21 10 20 22 19 7 25 9 28 16 2 5 29 23 24 15
32
24 16 23 2 12 15 9 6 4 20 13 26 11 29 18 22 21 7 25 19 8 3 14 5 32 17 28 30 31 1 27 10
12
6 3 9 4 8 7 2 10 11 12 5 1
25
17 20 10 12 1 18 22 25 13 8 23 14 16 21 15 7 19 3 11 5 4 9 6 24 2
5
1 2 4 3 5
33
3 8 23 33 29 30 13 19 12 31 17 2 24 9 27 10 21 14 26 25 22 16 18 6 4 28 15 20 11 5 7 1 32
22
15 19 17 12 5 4 16 13 10 8 18 6 14 20 22 9 3 11 7 21 1 2
5
5 2 3 4 1
47
14 8 41 7 20 16 31 29 37 15 18 21 19 10 44 23 42 26 38 46 32 17 3 5 47 40 39 34 35 24 43 1 33 4 27 2 12 28 45 22 36 6 30 25 9 13 11
7
6 2 5 3 1 7 4
49
35 22 3 2 31 10 8 27 38 43 28 11 49 21 45 19 9 14 15 13 36 4 34 37 47 46 26 41 16 18 7 23 25 17 32 44 24 20 40 1 42 6 33 30 29 5 39 12 48
33
8 16 10 20 11 25 14 23 13 31 15 33 30 18 12 24 2 3 4 21 7 27 29 28 17 19 9 22 6 5 26 32 1
19
14 2 16 1 8 9 17 6 12 19 18 10 7 5 3 13 15 4 11
29
18 15 19 26 27 11 28 23 7 22 13 25 21 4 20 24 3 6 1 12 9 5 16 17 10 8 2 29 14
36
11 36 1 31 10 17 34 3 19 23 13 29 14 32 30 16 2 27 8 6 9 18 21 35 24 22 33 26 12 4 25 28 15 20 5 7
36
28 5 11 31 2 1 9 14 12 33 24 36 34 16 29 19 25 20 7 23 30 17 18 13 26 21 35 8 4 32 27 22 15 6 10 3
33
4 15 20 7 8 9 27 25 13 18 2 6 5 14 21 1 16 31 11 26 10 3 19 23 22 33 30 29 17 32 28 24 12
36
16 4 30 7 13 11 35 22 36 10 34 12 27 26 15 32 17 28 5 9 25 18 31 8 21 14 23 6 19 24 3 1 20 29 2 33
13
8 12 11 7 9 5 4 6 2 10 1 13 3
5
1 5 2 3 4
46
15 30 22 32 26 25 16 23 44 4 18 10 33 42 14 8 19 11 46 21 45 27 6 5 35 41 34 3 39 24 20 37 1 31 7 2 38 13 40 29 17 36 9 43 12 28
19
10 17 12 8 1 2 16 6 14 11 15 9 7 4 19 5 3 18 13
48
31 37 40 27 46 22 7 10 23 5 33 39 17 32 36 26 4 12 19 20 16 42 18 41 30 43 28 47 35 1 2 38 25 48 9 6 45 34 3 44 21 14 8 11 24 13 15 29
1
1
42
24 6 22 21 39 40 7 18 30 15 29 11 42 12 34 2 14 27 20 3 19 41 1 25 26 38 5 17 8 28 13 16 35 31 37 36 9 10 4 23 33 32
46
25 14 18 8 38 7 19 45 46 5 43 34 9 36 33 37 12 30 26 42 10 29 11 1 15 3 21 27 6 28 16 32 40 31 13 35 17 44 41 23 24 2 4 22 39 20
15
6 15 9 5 1 12 13 14 4 10 3 8 7 11 2
6
4 5 2 6 3 1
47
4 37 34 16 26 23 6 11 5 1 7 32 29 12 14 10 3 36 35 18 2 42 21 31 20 33 40 30 44 43 38 46 45 8 28 13 27 41 39 19 24 47 15 25 22 9 17
48
39 28 21 13 1 46 18 25 38 45 2 33 42 29 43 30 20 9 23 35 12 7 16 40 4 24 8 14 10 3 32 22 19 36 34 26 17 47 37 41 11 27 5 15 48 44 31 6
19
10 1 2 14 3 4 11 8 16 5 15 19 17 9 7 18 6 12 13
46
41 14 6 10 13 9 42 32 4 35 36 5 11 20 24 2 8 46 33 21 37 29 44 25 1 19 39 18 23 16 17 38 15 28 26 30 43 3 45 22 31 34 7 27 40 12
2
1 2
22
3 17 2 13 14 20 15 8 21 22 19 11 18 10 6 5 9 12 1 16 7 4
34
6 11 2 4 27 34 3 12 31 15 9 19 23 26 18 5 17 14 7 20 10 29 24 33 1 22 8 30 13 16 25 21 32 28
49
24 47 5 3 26 8 17 16 18 36 31 2 12 1 32 49 11 25 27 45 39 37 22 20 46 14 35 41 15 7 6 9 10 29 4 19 42 28 23 40 33 48 43 44 21 13 34 38 30
20
1 12 14 9 17 20 6 11 3 18 4 10 13 2 8 15 19 5 7 16
29
7 15 9 25 24 23 29 14 28 12 6 18 11 17 22 13 1 5 27 16 2 21 3 26 20 8 4 19 10
8
3 6 1 2 7 8 5 4
23
23 18 7 5 2 14 16 20 11 10 13 12 1 19 9 3 21 6 15 22 4 17 8
43
37 4 34 25 11 19 6 2 38 12 28 39 3 24 32 27 8 26 9 5 29 30 18 23 7 31 16 41 35 33 17 14 36 21 40 22 43 1 13 42 10 20 15
18
18 6 10 2 1 12 11 5 4 13 14 3 15 9 8 7 17 16
17
8 6 14 10 9 11 16 4 1 12 13 17 5 7 2 3 15
36
35 21 23 2 9 4 15 18 20 17 22 14 24 27 30 12 7 3 34 25 10 13 31 6 8 5 26 33 1 16 11 19 32 36 28 29
13
5 7 13 12 4 2 3 11 10 1 9 6 8
21
4 8 9 17 14 21 20 3 12 19 1 11 5 18 2 7 10 15 16 6 13
27
26 7 6 12 19 22 24 3 14 11 5 13 9 23 2 4 18 1 16 17 8 25 27 20 21 15 10
23
10 16 2 1 8 20 9 21 15 4 19 5 18 13 11 22 12 14 17 23 3 6 7
38
32 1 13 21 20 3 35 27 31 29 24 10 11 12 4 5 19 23 16 38 25 8 26 7 30 14 2 28 33 9 37 18 22 34 15 17 6 36
10
10 1 8 2 7 6 9 5 4 3
49
45 49 19 40 18 31 22 34 35 37 4 15 1 32 14 44 43 16 48 29 8 9 47 11 5 3 21 6 41 24 46 25 13 28 39 12 23 33 27 2 38 26 42 20 7 30 36 17 10
23
18 2 14 13 21 10 12 23 17 4 8 11 7 5 1 22 16 19 6 3 20 9 15
24
14 20 12 6 18 1 8 7 3 24 17 16 13 10 2 11 5 19 15 23 21 22 9 4
24
1 14 9 22 12 18 13 6 21 4 16 3 11 5 19 15 10 17 23 7 2 20 24 8
13
5 13 1 2 10 8 11 3 9 12 4 6 7
17
10 5 14 11 8 3 6 16 2 1 7 13 4 15 9 12 17
8
7 2 1 5 3 4 8 6
40
7 4 34 11 3 20 26 29 25 5 18 14 8 13 17 39 24 6 10 32 28 21 37 36 9 30 22 2 31 27 19 23 38 33 35 12 16 40 15 1
6
5 3 6 1 2 4
26
16 11 2 24 12 18 21 20 10 13 1 23 15 3 5 7 9 14 19 25 26 22 4 6 17 8
18
7 5 11 8 3 16 2 13 15 10 9 17 14 4 12 18 1 6
29
17 18 25 7 22 24 8 28 21 14 9 5 4 1 29 16 11 2 12 23 10 15 6 13 27 20 19 26 3
10
9 8 1 5 6 2 3 7 4 10
17
8 11 16 12 13 3 17 14 5 2 10 15 4 6 1 9 7
22
1 18 14 4 19 6 15 8 13 17 16 12 11 10 5 20 3 7 9 22 2 21
36
8 31 27 5 11 29 21 2 14 34 35 23 13 17 16 1 33 22 15 19 28 3 26 18 10 9 12 6 20 4 32 7 30 36 25 24
30
4 11 17 29 8 24 3 16 7 26 21 13 14 18 15 28 5 9 12 27 19 2 22 23 25 20 30 1 10 6
50
20 26 44 39 22 15 7 50 34 38 10 35 4 28 16 47 18 14 41 25 48 1 49 21 12 31 42 13 17 46 45 8 27 11 5 9 33 36 19 43 24 3 30 23 2 6 37 40 29 32
15
4 6 2 14 12 9 7 5 1 13 8 11 3 10 15
40
32 38 34 39 25 23 36 40 35 3 24 1 13 16 15 29 26 9 2 14 20 28 6 5 19 21 11 33 17 18 30 22 7 31 4 8 27 10 37 12
29
23 29 19 28 18 15 14 21 13 16 2 24 6 11 5 9 20 1 10 12 27 3 4 26 7 22 17 8 25
13
5 7 11 10 13 1 4 6 3 8 12 2 9
26
25 2 26 15 7 5 22 17 10 11 14 13 8 16 12 1 6 3 9 24 21 19 20 23 4 18
48
3 10 25 38 4 7 34 26 18 1 6 11 39 16 35 9 28 41 2 42 13 30 32 37 24 46 40 44 8 33 17 47 20 27 23 29 5 21 22 48 19 43 15 31 36 14 45 12
40
21 12 11 22 27 25 34 2 33 3 40 24 23 4 8 5 6 17 26 7 36 35 15 31 38 28 9 10 39 29 18 14 16 37 1 30 13 20 32 19
10
10 6 5 4 9 2 8 1 7 3
44
30 21 27 18 43 9 5 17 15 34 22 44 29 31 25 3 32 41 26 19 28 37 13 14 23 7 35 38 1 42 12 11 4 10 36 6 20 2 40 16 24 8 39 33
49
4 30 14 3 44 21 46 36 26 35 8 9 16 47 34 17 45 12 28 40 42 13 32 20 10 41 2 29 1 18 39 15 43 7 33 22 11 48 23 6 27 31 38 24 5 37 19 25 49
31
28 31 1 21 11 6 24 5 2 29 23 18 7 20 8 26 13 22 10 25 3 12 15 16 19 27 4 17 9 14 30
1
1
7
1 3 7 6 2 5 4
28
19 17 13 7 23 26 10 5 4 20 16 22 12 25 1 11 14 15 2 28 6 27 8 9 3 21 18 24
21
12 1 9 18 8 2 15 7 11 13 20 21 17 3 4 14 16 19 6 5 10
15
6 3 13 15 14 8 11 2 10 12 9 4 1 7 5
4
1 2 3 4
26
11 17 2 23 21 22 1 6 25 4 3 15 20 8 12 16 26 7 5 10 14 19 24 18 9 13
37
35 14 29 32 12 2 7 11 3 25 16 33 20 5 26 22 10 31 36 37 27 9 17 28 4 23 15 19 13 21 30 1 34 24 8 18 6
21
9 17 12 2 15 8 14 6 21 16 11 18 7 1 10 5 20 4 19 3 13
3
1 2 3
28
22 6 18 13 20 12 26 11 10 28 9 7 25 5 16 23 14 3 15 19 17 4 27 2 24 8 21 1
41
30 17 40 38 27 28 25 13 14 39 24 29 26 18 20 15 12 11 23 21 41 22 34 19 37 1 31 8 32 5 35 16 4 10 3 2 9 33 7 6 36
1
1
36
7 23 9 27 8 16 29 22 26 17 12 21 20 28 1 33 4 35 32 36 10 15 6 2 34 18 24 19 13 31 3 14 30 11 25 5
12
2 1 9 10 4 6 12 11 3 7 8 5
2
1 2
43
36 2 11 19 26 10 21 16 32 39 13 9 6 41 27 14 23 31 17 8 35 34 3 40 5 25 1 28 4 38 37 30 20 42 22 15 7 43 33 29 12 18 24
8
4 7 3 6 5 2 8 1
34
14 6 5 10 15 21 17 33 4 30 8 25 9 1 11 22 24 3 32 18 7 2 19 31 26 27 20 29 16 13 12 28 23 34
15
1 13 15 7 2 11 9 5 14 4 6 3 10 8 12
13
5 6 12 7 13 2 10 3 11 9 8 1 4
13
2 1 6 12 3 11 8 7 10 9 4 5 13
26
15 22 19 7 6 9 25 13 26 10 20 17 8 5 23 3 1 11 12 16 21 14 24 18 2 4
6
2 1 4 6 3 5
32
32 5 30 27 7 2 25 17 26 19 21 22 20 10 3 16 8 14 23 9 31 4 12 15 1 6 24 28 18 13 29 11
15
12 13 2 10 5 9 14 1 15 7 6 4 8 3 11
9
2 9 4 8 6 3 1 7 5
4
3 2 1 4
40
19 24 2 29 23 12 31 37 27 20 9 25 1 32 17 5 3 11 13 40 22 7 33 10 15 26 39 14 21 8 36 16 28 34 18 4 6 35 38 30
26
26 8 22 18 14 13 15 3 5 2 4 25 17 24 9 23 11 19 12 21 1 20 10 16 6 7
42
21 39 40 19 34 10 36 22 32 41 17 7 37 15 20 30 11 6 35 27 13 5 3 33 16 38 12 18 23 2 1 8 28 4 14 31 26 25 42 9 24 29
42
4 11 31 8 34 40 25 3 5 28 33 38 19 14 13 23 9 7 10 36 37 12 21 24 29 26 27 2 6 16 30 1 42 22 15 39 18 41 20 17 32 35
48
8 46 23 45 33 22 4 12 29 15 19 17 47 18 27 37 3 30 7 13 5 41 34 25 9 11 44 28 31 35 24 43 36 40 48 26 21 2 32 1 20 10 39 16 38 42 6 14
37
30 12 35 22 31 17 26 36 13 1 9 37 8 34 11 23 32 29 4 10 28 20 18 27 21 6 3 24 16 15 5 2 19 7 14 25 33
44
33 18 26 5 38 3 36 29 32 43 16 11 31 1 41 24 17 22 34 23 12 14 42 37 21 13 8 19 35 10 4 6 7 9 2 44 15 30 25 28 27 20 40 39
26
12 15 25 1 23 3 8 18 24 10 14 16 4 7 19 2 26 20 9 13 6 11 21 5 22 17
6
4 1 3 5 6 2
9
7 2 9 5 4 8 3 1 6
19
17 16 6 7 2 18 9 1 8 10 13 15 3 19 11 5 12 4 14
1
1
30
3 2 30 24 21 22 12 27 14 28 11 5 26 7 19 6 10 18 9 15 29 13 23 1 17 25 4 16 8 20
48
35 15 7 23 48 45 26 17 5 18 44 16 10 6 47 9 1 11 46 13 42 4 2 27 19 24 12 36 38 3 25 29 41 20 22 31 32 33 34 40 39 37 8 43 14 30 28 21
28
11 2 8 12 19 14 26 17 24 9 10 23 20 3 7 13 15 6 28 1 27 21 5 25 16 22 18 4
21
13 6 9 2 16 1 14 11 18 21 20 10 5 7 3 4 17 12 8 15 19
49
42 8 13 43 2 16 47 14 48 10 7 49 23 24 3 40 22 29 12 44 28 32 11 6 1 5 25 21 35 15 4 36 33 19 20 37 38 34 17 45 39 27 18 31 41 46 9 26 30
9
8 6 9 1 7 2 3 4 5
15
12 10 6 11 5 13 1 3 4 9 8 14 15 7 2
38
16 14 37 24 33 22 2 28 30 25 31 19 4 32 6 8 10 27 20 29 26 3 17 9 13 21 18 38 7 15 36 23 35 11 1 34 5 12
13
11 8 6 2 7 10 9 1 12 13 3 4 5
43
38 8 1 16 34 29 13 4 39 35 36 23 30 19 11 22 6 2 7 27 41 40 42 15 33 3 32 24 18 37 43 12 17 31 14 10 28 21 5 25 9 20 26
46
27 2 1 14 31 34 7 12 43 11 46 25 42 33 4 8 39 3 18 23 29 35 26 22 5 24 40 30 41 36 16 13 20 21 10 17 37 15 6 38 28 32 45 44 19 9
46
30 45 9 28 42 36 37 7 29 10 21 8 39 43 26 4 23 14 27 12 22 31 20 18 2 44 16 15 41 6 35 24 19 38 46 32 3 25 34 11 5 40 17 33 1 13
32
30 21 27 13 15 19 28 4 26 3 6 20 12 11 25 16 2 18 5 14 10 8 32 7 31 17 23 1 9 22 24 29
50
18 4 10 6 46 11 28 43 26 1 12 17 50 24 2 13 45 40 41 42 15 31 36 20 3 14 25 19 47 27 22 38 39 49 9 21 37 29 32 8 34 35 30 44 7 16 23 5 33 48
26
12 5 11 13 24 1 8 4 26 6 14 9 2 3 17 25 21 16 7 20 18 10 23 19 22 15
7
7 4 6 2 3 1 5
47
36 18 12 32 46 25 35 22 34 23 9 21 7 41 44 39 28 15 37 17 30 45 26 4 40 29 1 31 19 20 24 11 2 27 42 10 16 6 38 8 3 5 13 47 14 33 43
35
16 28 23 22 29 10 27 31 18 17 25 21 1 11 30 12 7 35 9 5 15 24 26 34 13 19 4 33 6 3 14 8 2 20 32
4
2 3 1 4
3
3 2 1
7
5 6 7 3 2 1 4
32
3 7 32 6 31 13 24 11 2 17 12 18 30 14 20 1 22 9 19 15 28 5 29 8 27 25 4 16 10 21 26 23
16
15 11 6 12 10 1 14 3 2 5 4 7 16 13 8 9
24
20 7 18 19 8 4 11 14 2 10 23 22 13 6 9 17 12 24 1 3 15 5 21 16
48
31 42 22 1 9 28 40 46 37 47 23 12 19 33 2 14 29 7 10 24 6 41 35 4 13 36 20 34 39 26 11 45 32 44 30 38 18 3 8 21 17 27 15 43 25 16 48 5
40
8 16 40 33 13 1 9 22 10 17 14 25 36 28 7 20 35 24 15 29 38 4 31 27 11 39 30 23 18 37 5 26 12 19 21 6 32 3 34 2
25
2 19 1 11 21 9 22 18 5 4 14 23 17 3 25 8 13 20 16 15 6 10 24 7 12
22
12 19 15 10 14 9 7 2 13 11 6 22 4 18 1 3 5 8 21 20 16 17
26
14 23 6 2 22 18 17 3 25 21 9 12 10 24 16 15 13 5 7 8 26 4 20 11 1 19
19
4 5 9 10 13 3 17 15 8 7 11 1 18 2 19 14 12 6 16
24
2 16 15 7 18 23 21 8 3 14 9 1 10 24 4 13 11 22 20 6 12 5 19 17
23
21 1 16 8 7 5 19 3 18 17 4 13 10 22 14 20 15 6 23 2 12 11 9
21
12 18 20 11 16 5 10 9 3 14 1 7 4 13 15 8 2 21 17 6 19
30
19 20 30 11 5 4 9 14 27 16 8 13 3 2 29 23 15 12 7 1 22 17 21 26 24 6 25 10 18 28
42
35 15 26 14 20 42 3 4 21 28 31 29 7 19 18 40 39 5 16 12 33 1 27 8 22 11 9 13 30 37 17 32 34 36 41 10 6 24 38 2 23 25
18
15 5 8 13 14 2 16 3 18 1 11 9 10 7 6 4 17 12
39
34 39 10 27 12 19 23 33 21 38 13 28 5 26 8 16 31 15 1 7 18 25 11 32 36 35 2 4 9 6 3 20 29 14 24 30 17 22 37
10
10 7 8 4 9 5 6 3 2 1
7
1 3 6 4 5 2 7
1
1
13
3 9 6 7 13 12 8 11 2 1 10 4 5
47
16 1 44 3 14 2 25 15 12 9 32 17 4 47 5 40 46 41 22 29 24 36 38 20 45 28 43 39 7 13 6 18 37 19 21 30 42 23 31 10 11 26 35 34 27 8 33
21
12 13 4 18 15 1 10 7 21 14 2 19 8 5 3 6 9 17 11 16 20
2
2 1
32
6 30 3 31 24 32 26 25 27 5 17 4 19 8 20 28 29 22 18 9 1 12 15 11 13 21 2 14 23 7 16 10
14
5 11 14 13 12 9 1 8 6 7 3 10 2 4
20
4 9 6 8 7 11 1 5 10 19 16 2 20 14 3 17 12 18 13 15
40
12 1 13 22 39 33 24 27 10 34 2 23 29 15 25 28 26 36 40 35 7 19 6 17 20 11 5 37 38 14 8 18 30 3 21 16 32 31 9 4
11
4 7 11 3 6 2 8 10 5 9 1
8
6 4 3 8 1 7 2 5
6
4 2 6 1 5 3
14
5 4 13 14 12 2 1 3 7 11 10 8 6 9
46
24 14 36 1 31 40 18 22 42 41 39 17 8 32 38 46 3 19 10 4 30 28 33 21 2 12 6 34 9 43 5 44 35 7 26 23 16 13 20 15 45 37 11 25 27 29
49
15 33 27 47 25 38 5 23 43 45 42 16 46 41 48 20 28 18 35 36 44 40 32 11 49 13 12 7 30 4 39 14 21 1 17 6 29 31 9 8 22 34 10 3 26 19 2 24 37
14
4 2 3 12 5 9 13 10 7 8 6 11 14 1
36
34 12 2 29 18 20 1 13 31 36 5 11 25 26 32 7 30 33 21 24 3 16 27 14 17 4 23 22 35 28 9 10 15 6 8 19
19
4 19 11 2 9 14 12 17 13 5 16 18 1 15 6 7 8 10 3
33
8 18 29 16 25 19 27 31 11 1 14 10 21 23 24 7 22 5 15 12 13 30 6 9 2 32 20 17 4 3 26 33 28
35
1 23 29 33 12 2 8 34 21 13 10 22 35 31 15 6 9 28 18 30 24 17 3 26 32 19 5 27 25 11 16 14 20 4 7
11
1 11 6 5 3 9 8 2 7 10 4
34
12 13 22 23 19 8 2 15 7 32 34 25 6 24 29 33 26 20 4 14 10 28 9 11 3 30 27 18 1 21 5 31 16 17
19
16 4 3 15 18 2 6 1 19 10 7 11 8 9 14 12 5 13 17
24
24 1 18 21 14 15 7 8 4 3 9 17 13 11 5 19 22 20 2 16 12 6 23 10
43
33 12 16 6 40 27 7 8 34 32 21 24 37 25 26 13 14 1 10 28 5 29 39 17 31 20 30 4 35 23 36 15 11 18 43 22 42 38 41 9 19 2 3
17
1 13 8 11 2 6 16 4 10 7 3 9 14 12 5 17 15
18
8 5 18 3 17 2 15 6 14 13 1 4 9 7 10 16 11 12
26
1 26 24 15 2 9 8 20 14 12 25 21 22 10 6 11 3 4 13 16 5 18 7 23 17 19
49
7 48 3 49 28 8 21 14 46 26 43 30 41 17 45 27 1 31 10 4 23 13 9 24 39 15 36 29 6 33 25 42 38 12 44 22 5 47 18 40 37 20 34 2 35 32 19 11 16
8
6 5 3 8 2 4 7 1
19
6 8 19 14 15 16 9 12 13 7 3 4 10 18 5 11 1 2 17
22
3 4 19 18 12 5 22 15 13 16 10 11 8 14 17 2 21 6 7 9 20 1
1
1
2
2 1
14
5 2 9 7 3 14 1 12 4 13 11 10 6 8
47
4 13 28 37 23 35 29 6 11 38 36 18 47 20 44 31 5 8 34 41 7 40 39 45 43 9 22 27 12 33 16 42 15 24 14 2 3 46 17 21 25 30 32 1 26 10 19
36
20 7 27 9 23 13 8 11 3 26 22 32 15 31 35 36 2 21 25 29 14 34 10 28 33 1 18 12 19 6 4 16 17 30 24 5
31
20 1 10 26 19 14 22 5 23 29 12 31 30 4 13 28 15 24 17 7 25 27 3 2 11 16 8 9 6 18 21
38
29 34 37 31 15 27 19 9 7 20 36 22 25 8 28 11 35 4 12 5 24 14 13 38 30 18 33 2 10 16 6 17 3 23 26 21 1 32
46
35 31 20 14 8 38 40 7 15 2 29 41 27 34 3 25 43 10 32 44 19 23 42 22 33 1 36 30 39 21 45 24 9 26 16 13 37 17 18 6 46 12 28 11 4 5
2
1 2
43
38 2 31 29 9 6 39 32 40 11 30 3 25 5 19 15 1 14 33 12 7 18 4 13 26 21 17 41 37 10 43 24 27 28 34 22 42 20 35 8 23 16 36
43
2 24 39 12 29 30 1 40 28 34 21 27 38 33 3 5 42 6 31 16 23 37 14 15 20 9 4 17 8 36 35 18 26 22 19 7 32 13 43 10 25 11 41
26
7 4 21 23 6 11 3 1 14 13 25 9 15 18 22 5 8 20 26 17 2 16 19 12 24 10
7
5 7 2 1 4 6 3
6
4 5 3 2 1 6
2
2 1
19
19 9 2 11 8 6 13 16 18 10 14 3 12 1 7 4 17 5 15
7
4 1 3 5 6 7 2
1
1
40
15 39 28 22 30 12 35 23 6 3 37 29 10 34 36 32 40 5 27 17 2 9 16 8 38 13 21 7 25 1 24 33 26 18 20 19 4 31 14 11
44
19 40 20 15 31 41 12 24 29 17 37 34 23 13 38 2 10 16 8 11 44 22 3 39 18 26 5 28 43 9 6 14 35 36 21 30 1 33 25 27 42 4 32 7
38
31 4 38 25 10 29 15 35 16 5 27 3 2 7 12 26 17 14 22 6 13 23 8 18 24 11 28 21 32 9 20 37 33 30 19 36 1 34
45
4 3 16 9 42 24 15 28 8 44 17 37 38 31 21 35 36 13 39 26 33 6 22 1 32 5 23 45 30 2 29 7 34 20 12 19 25 43 40 11 18 10 14 27 41
29
3 15 5 16 13 22 19 20 23 27 11 2 10 28 4 7 24 8 25 14 21 29 26 1 18 17 12 6 9
35
3 32 33 8 29 14 24 1 35 23 12 21 15 4 9 11 10 18 30 31 5 16 22 19 26 13 17 20 6 2 25 28 27 34 7
37
27 13 15 7 8 18 12 17 9 33 5 34 31 2 14 6 37 24 23 20 1 26 30 10 3 16 19 28 35 36 25 4 21 32 29 11 22
41
3 20 10 31 33 24 4 36 41 21 40 34 30 14 15 18 7 28 5 39 8 16 17 35 22 32 12 25 29 9 23 19 2 1 11 13 26 27 38 6 37
40
4 15 34 35 20 16 9 33 12 13 14 31 3 2 32 21 5 39 19 11 27 23 7 22 10 6 1 17 25 26 30 28 8 36 29 37 38 18 40 24
16
11 8 15 3 5 7 14 13 4 12 9 16 2 6 1 10
8
2 7 5 1 8 4 3 6
25
10 12 8 24 5 4 7 19 2 21 1 6 11 3 9 23 18 25 20 17 16 13 15 22 14
7
3 6 4 2 7 5 1
2
2 1
25
1 15 18 13 3 17 9 10 14 24 4 25 8 20 22 11 5 23 2 19 6 7 12 16 21
36
31 30 33 5 29 9 36 10 26 27 1 35 4 17 13 19 21 25 22 7 3 6 11 18 8 32 15 28 2 34 24 12 16 14 23 20
5
4 5 2 1 3
11
7 9 4 5 3 11 10 6 1 8 2
7
3 2 6 4 7 5 1
13
1 13 9 12 10 2 8 6 3 5 4 7 11
26
2 21 19 15 7 3 22 8 6 9 14 11 17 5 24 10 12 26 1 16 20 13 25 4 18 23
15
2 5 10 8 7 15 11 13 14 6 4 1 3 12 9
35
25 5 13 27 33 35 34 21 6 17 1 9 15 19 32 18 14 24 16 2 23 31 26 29 8 12 20 11 10 3 22 7 30 4 28
11
9 1 4 8 11 10 6 5 2 3 7
