100
58 14 29
34 65 24
93 40 33
38 41 20
50 72 78
44 83 44
62 46 65
40 44 11
10 44 12
39 13 58
89 21 74
76 83 18
35 73 68
78 23 61
19 56 51
6 74 36
25 78 54
59 45 45
56 5 3
16 93 4
49 56 18
45 96 37
45 45 88
10 40 31
68 29 25
8 23 74
96 25 27
53 95 15
100 54 22
72 27 77
86 49 97
28 88 61
21 44 91
94 23 57
80 3 43
3 51 46
28 7 64
48 28 99
4 43 29
32 68 34
17 42 63
72 91 83
16 35 97
71 16 64
83 15 100
90 48 76
83 82 74
80 100 31
88 5 61
2 53 31
20856 1551311119 24319
24265 554100127 32726
11209 1941591892 14030
19605 928195711 31832
19308 663428064 21544
11573 279574391 26226
20692 370739144 19774
25121 933843388 25353
8174 1407499674 7137
26824 445233080 4523
19340 658769534 24206
29682 1904006422 14149
17073 875691048 14732
84 1939901200 12176
2291 1699679715 17660
26839 911380375 31588
20816 75008722 18823
26590 2939627 27556
32313 1598754531 21134
1463 1397372724 29478
1470 1024834945 4648
27983 488198842 25978
1233 1973980028 22002
24564 366999660 12249
6680 2003744677 8580
191 1803334618 23172
12691 2045357001 14329
22116 62676235 32745
15204 1343741015 2383
4843 392286368 31166
20212 1292889017 4635
1070 1595721742 10893
11322 919258223 24208
19214 1229424377 29996
8189 183382833 2748
31355 825357053 26186
10844 730065085 29510
32450 1805655663 29590
17086 1801407928 15607
17802 1072941327 23197
31465 55924981 24776
7294 1244729155 28595
20889 1796614352 27910
2402 82256328 6839
32604 397360553 19040
27353 1763610541 10284
17024 135579890 15031
17848 1499983917 9947
32224 475065068 9265
19701 1329717714 10202
0
