100
89
99
58
61
9
99
42
88
46
96
72
86
70
98
5
26
46
100
60
99
61
96
55
90
31
87
6
43
30
38
18
95
21
36
34
42
29
31
43
43
28
91
14
54
20
64
76
81
6
86
47
74
68
96
3
99
46
82
11
71
31
85
87
96
18
37
15
88
30
32
22
58
24
39
42
55
25
89
77
97
37
96
23
63
26
32
27
80
39
98
23
91
52
95
12
76
63
89
20
95
18
59
8
50
50
57
71
82
5
67
0
24
3
48
29
35
40
56
14
45
19
71
13
34
10
22
77
92
73
86
97
99
4
71
27
48
18
88
76
93
85
100
55
59
13
88
20
56
43
71
62
65
7
100
41
97
76
99
14
73
36
85
12
55
60
73
48
60
23
44
18
29
23
77
2
50
5
64
6
22
42
54
34
50
19
41
12
95
40
85
8
91
87
88
11
60
47
59
58
86
