99
17 16 7
11 9 3 13 11 15 20 1
3 20 14 4
11 16 17 20 2 16
11 15
12 3 20 8 10 18 14 20
8 4 17 3 3 9 17
20 2 20 14 12 7
12 9 6 14 11 20 12 2 14 3 2
1 7 14 6
17 14 9 19 14 5
14 6 7 7 9 13
20 1 14 5 12 5 16 5
19 6 12 19 13 5 16 19 13
7 3 15
9 8 20 15
8 8 3 20 8 8
11 12 12 16 1
13 4 20 5 20 7 15 12 8 13 6
15 14 10 6
16 14 16 10 5 15 17 20 6 20
13 12
17 15 3
6 10 8 17 17
2 11
8 1 13 16 8 18
18 2
6 13 14 6 4 18 17 7
4 10 8 9 19 15
7 15 11 18 2 18 10 6 13
3 15 6 4 12 12 16 17
11 15 17 10 9 12 19 16 1 9
10 15 9
4 10 10 13 15 2 2 9 9 19 4
2 11 8
2 2 19 11 2 10 1 17 2 9 11
15 19
19 20 12 11
5 4 14 13 3 17 16
7 4 6 20 17
10 19 5 2 7 7 10
9 5 15 11 15 14 2 17
19 1 4 11 15 20 7 10 7 2
6 18 2 8 8 7 9 15
11 11 13 15 18 16
3 9 17 2 7 17 5 18 3 17
13 3 9 19 20 18 1
6 19 8 20 3 18 2 7
19 2 4 2 3
15 9 17 11 18 11 7 5 3 1 13
1 11 14 19 16
18 7 18 15 8
10 19 18 13 20
13 6 20 1 16 18 11 15 2 6 15
19 7 17 4 18 12
15 18 4 2 17 19 11 15
4 14 19 8 11 19 20 7 16
1 9 7
15 5 14 11 8 11 14 6
3 9 18 20 8 1 14 7
20 6 3 10 4 14 8
15 20
2 7 14 18 20 16 6 2 10 11
12 12 20 3 11 20 17 17 15 8 2
9 5 2 17 7 16 16 6 9 2
7 13
4 6 7 6 8 19 17
1 19 6 9 16 20 8 9
17 6 1 5 12 16 20 9 5 14 19
18 17
16 3 19 3 13
9 6 6 6 6 13 17 14 14
2 19 16 6 10 3 17
19 2
1 12 17 6 7 20 5 1 4 4
1 1
7 6 14 12 19 9 13
4 10 18 18 6 8 17 20
17 11 5 3 9 16 19 1 20 2
20 14
18 19 11 9 17 19 13 5 14
15 3 20
19 19 10
1 7 10 1 2 8 1
1 13 5 6
2 5 12
13 2 15 10
17 4 9 8 5 20 6 7
18 13 16 18 6 3 10 19
14 3 20 15 16 16
18 9 11 5 18 9 1 13 9
17 8 5 15 14 14 19 9 3
3 4 15 9 17 17
3 4 16 20 14 16 2 18 5 10
17 18 17 6 6 13 20 11 18 19 12
15 6 3 9 15 19 17 15 13 20 10
13 6 5
2 14 19 19 3 7 4 8 11 15 11
5 2 7 19 7 1 7 1 11
